image: /home/dr3/origin_rm/map/map6_nn.png
resolution: 0.050000
origin: [-20.000000, -14.950000, 0.0]
negate: 0
occupied_thresh: 0.65
free_thresh: 0.196

